Tip: ['统计所有投稿在 2020年03月05日 - 2020年03月06日 的数据综合得分，每日更新一次'] Write @ 2020-03-06,13:08:37
aid	coin	danmaku	favorite	like	reply	share	view	score	title
av93717457	 422091	 94275	 133197	 401396	 2713	 100788	 2107867	 3464837	 骁话一下：给《外国人永久居留管理条例》提意见
av93796227	 223842	 51440	 87714	 367879	 14044	 27958	 2329816	 2838776	 霸权续作集结！2020年4月新番导视！
av93879496	 352336	 46547	 59316	 512721	 6108	 2888	 1431880	 2059666	 100斤土豆可以做出多少土豆淀粉？毅力小伙花了整整五天才做完
av92901768	 307343	 49516	 237805	 472225	 17983	 100531	 5847404	 1912897	 “假如我年少有为 不自卑”
av93395715	 110112	 27305	 77292	 198249	 15860	 36658	 1389172	 1664827	 偶像失声？三观超正黄子韬教你做人
av93812324	 162910	 103495	 44641	 220563	 3669	 3725	 821301	 1612200	 耗时5天！我再次把史上最难的“自闭”游戏通关了！#2
av93267927	 245187	 68497	 87267	 282957	 21130	 50816	 1984360	 1483817	 【肖战】处处封—肖战必糊！
av93605411	 157237	 63939	 48442	 358229	 9467	 10718	 2830384	 1438134	 ❓  ❓  ❓ 【阅片无数37】
av93692239	 79663	 25970	 43532	 108576	 9170	 29239	 743449	 1396655	 用复联四告诉你肖战粉227事件都干了些什么
av93911895	 119993	 15060	 38837	 186839	 5010	 6045	 1317242	 1379655	 花22元买到精神污染游戏 玩了一会儿发现是宇宙物理学神作
av92538024	 149154	 5666	 140918	 195260	 3306	 15138	 2318067	 1213397	 前方高甜！我居然看了几百遍！？
av93199515	 221940	 30816	 93011	 341332	 25194	 35738	 2297434	 956301	 穷  举  报
av93533259	 197204	 80451	 94965	 262103	 13798	 12989	 2421108	 941559	 好 哥 哥
av93940951	 59595	 34501	 15897	 242158	 10112	 18675	 2092222	 917868	 把女友全部口红融化成一支口红！她收到后会特别开心吗？
av93738615	 25064	 8684	 8053	 156283	 4965	 6270	 2232748	 894035	 【朱一旦】150 旦炒饭和烤冷面
av93399793	 48169	 4503	 34842	 77931	 1844	 5250	 616931	 864778	 妈妈我把喜羊羊的主题曲做成了电音！
av93556301	 63235	 53101	 26584	 199050	 16463	 14926	 1486081	 854867	 肖战227事件完整始末，这波能洗白么？你们会原谅他吗？
av93048245	 57729	 65775	 76569	 303596	 38278	 108381	 4996184	 814031	 肖战：我到底造了什么孽，有这样的粉丝
av93060355	 311230	 49914	 126201	 421763	 30654	 71796	 3235259	 812455	 你 封 起 来 真 好 心
av93382774	 99465	 13103	 40806	 175407	 9341	 13806	 898476	 785954	 227创作者活该？！ao3活该被墙？lof活该被刷？粮仓活该爆炸？扑街写手有话好好说
av93418555	 129972	 60425	 64401	 278656	 18157	 69390	 3418781	 785805	 【半佛】肖战事件谁是大赢家？
av93220218	 61980	 8203	 24546	 107415	 7838	 7196	 675737	 771400	 肖战粉丝举报AO3 波及B站、Lof等平台 盲目追星的背后是什么？【227大团结】
av93553905	 186432	 12823	 46181	 148029	 4008	 23104	 774781	 756028	 云顶之弈S3：大战国外主播与总设计师！中国玩家拿下S3全球第一鸡！
av93769038	 20623	 10761	 6176	 108045	 2956	 3464	 1444614	 741794	 198买的西班牙伊比利亚黑猪肋排，做一道烤猪排，一口下去滋滋冒油
av93471282	 43710	 32133	 39587	 91534	 3567	 4829	 1332247	 691326	 见识下什么叫TMD出轨！
av93283680	 8443	 11172	 19444	 47644	 3033	 18795	 927419	 658063	 肖战粉丝哭麦后娱乐圈人士的理智分析：“你先别哭了，你爱豆马上就糊”【新更2p人民日报皮下小编(肖战粉丝)被开除事件】
av93470120	 30702	 13311	 18450	 78642	 4218	 3302	 629933	 651347	 【肖战】一口气全举报
av93790904	 29870	 7501	 18027	 75033	 5187	 4126	 433861	 637576	 【肖战】Creeper?
av93569977	 38967	 3137	 22359	 122039	 1427	 1947	 2007564	 621976	 请不要在法庭上跳舞！！！
av93747957	 2599	 1595	 17202	 37859	 1171	 17211	 608998	 616631	 就不能玩点阳间的特效吗
av93081075	 18212	 54533	 10397	 99626	 3673	 3282	 1387019	 599440	 【真实录像】轰动全台湾的98年红衣小女孩！
av93632670	 18234	 1863	 13834	 69400	 2045	 15864	 918511	 598981	 【丧病配音】找尼玛个塞班！！！
av93219437	 61908	 38367	 36981	 150015	 13955	 7874	 1770460	 596640	 卢 本 伟 后来怎么样了？锤他的人呢？那些被外挂改变的人生【旧闻录#01】
av93754496	 16561	 15354	 3907	 68192	 2611	 3513	 1079003	 589330	 一大盆葱油面，20烤肉串20串烤五花，大sao要加餐，一顿饭吃过瘾
av93288363	 70084	 16061	 31070	 121358	 8004	 9110	 803827	 589320	 【肖战】饭圈止水
av93735189	 31433	 14856	 16911	 59651	 4012	 2840	 368654	 584590	 一口爆浆迷你小泡芙！五元材料竟然能做这么多？…极简做法！
av93862710	 29005	 8763	 4262	 58682	 2307	 1024	 580299	 568487	 厨师长与粉丝解答之：“猛火炉灶套装”的详细价格清单
av93189698	 45789	 3987	 44589	 80519	 2632	 5102	 510458	 559029	 “我们本能忍受黑暗，如果不曾见光”
av93737962	 33460	 11865	 10551	 39396	 2013	 2371	 469310	 558455	 【木鱼微剧场】最好的韩剧《请回答1988》：爱一个人，请在变成遗憾之前说出口（6-7）
av93875673	 15242	 15918	 3597	 30661	 2474	 3169	 842769	 550233	 【逗鱼时刻】第241期 FGNB!
av93040572	 12380	 12957	 49939	 80716	 3766	 77664	 2374287	 549310	 故事要从几包吸水弹说起。。。
av93474480	 14479	 6551	 10629	 73886	 4752	 1830	 663937	 548722	 都闪开！我来给肖战洗白啦！（doge）
av92341698	 100655	 15534	 118283	 301106	 13458	 38360	 4331805	 544917	 “每日一遍 防止早恋”
av93058845	 174852	 26084	 110861	 240637	 14546	 42652	 1482842	 540473	 【227事件】心火不熄，创作不死
av93951850	 5661	 1558	 28440	 17513	 2069	 1040	 181726	 538113	 10分钟美腿拉伸运动，变直变长，改善腿型！【周六野Zoey】
av93186614	 76511	 55385	 54465	 237188	 31499	 23876	 2583975	 538061	 肖战粉丝举报b站？个别粉丝为何如此疯狂？
av93728158	 11544	 5537	 6883	 53658	 4488	 2411	 482538	 532401	 支 持 肖 战
av93932830	 19273	 20952	 9498	 98742	 6616	 4018	 764660	 529046	 这个折叠屏手机 光开盖合盖我就可以玩一整天 瞎评测#5
av93305453	 68077	 15303	 30815	 98963	 2651	 11321	 395684	 528274	 对王之王  227大团结普通网友
av93724503	 30044	 3326	 17327	 40555	 1576	 4074	 511216	 526288	 "以爱之名  你还愿意吗"
av93402408	 39107	 988	 26036	 44724	 1088	 2681	 241494	 520746	 《崩坏3》琪亚娜MV「你的誓言，由我来实现！」
av93912154	 13340	 14180	 4509	 83163	 2864	 1382	 807551	 506118	 小伙从日本花了1400元买了个流水素面机，会比普通凉面好吃吗
av93589494	 55481	 16067	 36210	 94796	 9855	 8101	 788368	 500789	 入坑假面骑士不知道看哪个？这个视频帮你解决所有问题！
av93392546	 6501	 403	 8427	 29732	 1284	 10246	 556177	 500779	 王 者 荣 耀 现 状
av93794362	 2980	 10363	 1884	 34511	 2944	 6139	 779268	 481124	 王者新英雄镜体验，321乱按乱杀，目测活不出体验服
av93481833	 21910	 3980	 16465	 53877	 2065	 2691	 371240	 475758	 将《4399小游戏》编成一首歌，你还记得游戏名字吗
av93674458	 14170	 2171	 12708	 25591	 1318	 519	 288130	 474844	 赢了大奖输了票房！柯南最后一部传统模式剧场版！简评《水平线上的阴谋》
av93610310	 6633	 731	 17220	 7776	 2204	 3570	 396484	 472043	 440帧！提升50％，LOL删除cross文件后
av93929469	 17293	 3150	 7699	 45556	 1495	 1094	 467195	 466859	 DC高分名篇《小丑》，跟着Joker混社会，下场有多惨？
av89315507	 3366	 686	 10238	 30829	 675	 2337	 488440	 452631	 用脚踩出来的加勒比海盗--He’s a Pirate
av93235834	 2090	 3426	 11065	 35301	 1884	 8363	 643246	 446936	 印度阿三，一个开挂的民族
av93490545	 8611	 320	 17645	 21344	 444	 1157	 203345	 444881	 空 气 牛 奶 冻 | 两种材料，打发牛奶 | Joyce Bakery vol.27
av93495162	 5741	 716	 21678	 34359	 1263	 32536	 600461	 434487	 男人上厕所的正确打开方式
av93368488	 29371	 17773	 16032	 65324	 4041	 5967	 1072580	 426671	 日本赌上国运？疫情之下，东京耗资250亿美元，筹备十年，为何要冒死举办奥运会？【浪眼睛02】
av93610381	 22005	 1809	 4437	 40179	 866	 282	 459949	 424641	 劳斯莱斯为什么不做碰撞测试
av93106057	 12237	 1293	 34262	 25150	 1466	 4082	 1133115	 420708	 背着老板蹦个迪~Thumbs up！放松一下【莓可】
av93653483	 13068	 21082	 7990	 43843	 1582	 461	 373440	 415207	 Minecraft 超羞耻【伪娘娇喘】坠落挑战 !! 失败Youtuber必须【伪音嗯～❤】惩罚 !! 全字幕
av93511366	 21932	 7660	 14841	 69141	 1893	 2197	 458369	 409805	 【 肖 战 本 战 ，在 线 诈 糊 】
av93698857	 23675	 8740	 6007	 40399	 1958	 1787	 342379	 409744	 他是德州电锯杀人狂原型，为何仅仅只犯了3起谋杀案，却震惊了整个世界，有着“约克郡屠夫”“平原镇屠夫”等众多恶名
av93556481	 77756	 11319	 37666	 109853	 10901	 15737	 843047	 408623	 肖战227事件背后：饭圈怎样摧毁了文化产业？
av93830992	 6034	 4127	 2230	 33376	 1406	 1004	 504877	 408494	 暗访纽约医院......美国小哥郭杰瑞：“如果美国爆发疫情，我会很恐慌”
av93548082	 28757	 508	 10853	 31027	 842	 1536	 212057	 407963	 【自制动画】爆肝2336张还原 张天志vs戴维斯
av93789328	 22434	 4918	 6555	 43320	 1985	 1332	 341983	 407726	 我花了9个小时，把衣橱里的每件衣服都穿了一遍
av92088362	 6390	 2088	 36254	 68713	 2721	 56785	 1883030	 405904	 我终于知道塞班为什么会丢了
av88152282	 37	 129	 696	 5017	 1764	 461	 805049	 405778	 实拍狂犬病患者喝水情境，太可怕了
av93352821	 2278	 427	 39012	 9085	 489	 1542	 202283	 402958	 快速瘦肚子，日本女生亲身试验，效果显著
av93447644	 29414	 1891	 29212	 72440	 3036	 5383	 571026	 399528	 【反向讽刺】如何利用肖战为自己赚一笔零花钱（不是教程）
av93310931	 31317	 805	 22803	 36646	 1717	 4253	 246343	 397535	 【动画】D I O 打 老 板
av93726649	 50147	 1136	 5191	 43309	 917	 276	 250394	 388711	 失明爷爷。厨房做饭超危险，我们；直接帮他升级
av93169666	 31816	 16459	 20440	 75224	 1756	 5603	 504320	 388065	 【全明星】听妈妈的话
av92978247	 9169	 2022	 43088	 77592	 2406	 76391	 2052757	 385750	 这波爆炸屁什么水平？
av93850356	 35035	 5607	 15323	 54062	 8823	 4844	 284581	 385284	 肖战粉丝团？不，这已经快成新型网络宗教了！【呜喵说】
av93640852	 33137	 11438	 8412	 71312	 1764	 5042	 901439	 376964	 热量炸弹！7个爆浆大鸡排配冰可乐，芝士爆了！
av93345809	 1731	 2123	 3341	 36438	 1691	 1720	 1096889	 376873	 探秘：澳门线上美女荷官究竟是真的吗？
av89058944	 642193	 157812	 348509	 619419	 6998	 136855	 4980708	 373116	 赌 怪（完整版）
av93679712	 595	 2272	 1173	 8953	 2408	 11273	 528138	 371664	 镜是个无脑搓屏英雄 bug级新英雄技能展示
av93894350	 18792	 3475	 9841	 36476	 2646	 3066	 273178	 368386	 你来控制曹操，感受诸葛亮的强大！互动视频，多结局
av93285364	 40849	 9035	 11941	 59429	 5511	 16141	 615844	 364639	 男子痛经24小时，喝冰水痛到流泪。
av93631524	 376	 4457	 1738	 12753	 101	 2295	 706533	 364029	 美国主持人宣称“新冠病毒源于中国”，要求中国道歉，一旁搭档当场打断
av93670094	 448	 3240	 807	 10253	 2914	 4471	 535567	 361064	 新英雄镜实战测评：王者最难的英雄简化成了最无脑的英雄
av93773441	 34805	 8617	 8009	 39044	 1995	 2474	 258656	 359003	 如果直男和美妆博主比拼直播卖货！究竟谁更带货！【nya酱】
av93858540	 10636	 6185	 10248	 31442	 990	 2275	 225144	 357888	 一口下去耳朵碎了！馋哭KFC的蜂蜜黄油炸鸡！
av88312827	 5871	 834	 9100	 25959	 812	 8889	 568021	 354119	 部长:省委书记，我们是吃桶装泡面还是袋装泡面？
av93106008	 93	 41	 629	 4750	 284	 368	 520718	 351895	 有男朋友与没男朋友区别
av93385115	 20959	 16835	 11854	 68704	 6717	 5744	 747733	 348442	 起 封 了
av70455264	 17063	 41336	 677306	 78335	 10136	 118868	 7199777	 345439	 女团腿 去头尾 自用
av93947227	 3940	 1058	 2852	 62197	 2467	 2347	 637025	 344824	 外交部回应美主持人要中国就疫情道歉：谁要求美国为H1N1流感道歉了吗？
av93437473	 3972	 8780	 2264	 42266	 1611	 536	 376858	 341493	 起床后被反锁在房间，原因不明
av93468404	 15156	 3439	 9364	 46707	 2097	 1584	 346437	 340921	 【肖 战 粉 丝】我 和 你 封 网 站（我和你荡秋千）
av93727150	 8621	 4515	 4702	 59568	 1089	 569	 341648	 338227	 因为带妹妹玩《森林》兄妹关系直接破裂！
av93683383	 30741	 29078	 7631	 63855	 7567	 3893	 544490	 546329	 【懂点儿啥33】注意啦！台湾正进行疫情“反谣言战”
av93924964	 416	 2678	 1304	 22450	 5553	 1428	 618447	 370862	 欧盟发布气候法草案，环保少女不满意：这是投降！
av34107674	 127944	 140267	 1184906	 239482	 26676	 233402	 14163636	 415924	 10分钟改善斜方肌粗大、溜肩圆肩富贵包、背厚、肩颈背疼痛、高低肩！【周六野Zoey】
av8775849	 103853	 161066	 1255767	 182050	 43485	 234342	 16606564	 344952	 五分钟在家瘦腰运动！快速瘦肚子小蛮腰，马甲线一周现形！适合初学者【周六野Zoey】
av93417845	 103145	 38945	 26714	 321749	 5030	 3665	 1931471	 407462	 小伙花36小时终于拼出“彩色地狱拼图”,整个人都傻了
av93688319	 5687	 7004	 3906	 55821	 2107	 1789	 816502	 467164	 【大仙全家桶】医学奇迹迎来终极克星！比龙王还狠的制裁，100%禁止吸血！
