Tip: ['统计所有投稿在 2020年03月04日 - 2020年03月05日 的数据综合得分，每日更新一次'] Write @ 2020-03-05,11:25:23
aid	 coin	 danmaku	 favorite	 like	 reply	 share	 view	 score	 title
av92901768	 234120	 31436	 183403	 372722	 15208	 75360	 4697666	 2924056	 [“假如我年少有为 不自卑”]
av92538024	 120954	 4274	 119217	 164403	 2966	 12372	 1918935	 2840316	 [前方高甜！我居然看了几百遍！？]
av93533259	 168042	 69198	 80694	 220953	 12494	 10300	 1723623	 2623935	 [好 哥 哥]
av93418555	 108689	 50122	 52371	 229446	 15633	 56749	 2568439	 1237505	 [【半佛】肖战事件谁是大赢家？]
av93605411	 104741	 42689	 32066	 241004	 7430	 6391	 1585439	 1145215	 [❓  ❓  ❓ 【阅片无数37】]
av93553905	 132735	 8921	 33360	 101977	 3156	 17517	 473147	 1116372	 [云顶之弈S3：大战国外主播与总设计师！中国玩家拿下S3全球第一鸡！]
av93060355	 271687	 44793	 110828	 364726	 28254	 65821	 2848616	 1104209	 [你 封 起 来 真 好 心]
av93471282	 33746	 23356	 30637	 66960	 2718	 3296	 861432	 1076100	 [见识下什么叫TMD出轨！]
av93556481	 58855	 8827	 28811	 84908	 8639	 11832	 650551	 1074899	 [肖战227事件背后：饭圈怎样摧毁了文化产业？]
av93058845	 154744	 23044	 99303	 214520	 12843	 38348	 1268603	 1038849	 [【227事件】心火不熄，创作不死]
av93048245	 47268	 55394	 63890	 250027	 33369	 92902	 4099048	 1026600	 [肖战：我到底造了什么孽，有这样的粉丝]
av92135544	 104080	 10537	 119794	 150501	 4796	 20291	 1597274	 953579	 [转发给女朋友，一起选情头！]
av93589494	 42686	 10796	 26710	 72711	 6763	 5496	 517748	 951994	 [入坑假面骑士不知道看哪个？这个视频帮你解决所有问题！]
av93219437	 47777	 29995	 29449	 120392	 11488	 6095	 1389746	 949532	 [卢 本 伟 后来怎么样了？锤他的人呢？那些被外挂改变的人生【旧闻录#01】]
av93040572	 9839	 10276	 41559	 65691	 3244	 64355	 1920699	 936504	 [故事要从几包吸水弹说起。。。]
av93395715	 40160	 11471	 31992	 79366	 7258	 14896	 556290	 880619	 [偶像失声？三观超正黄子韬教你做人]
av93349462	 26467	 10302	 17209	 93190	 6130	 3821	 683911	 855547	 [你 炸 了 我 的 站]
av93569977	 25897	 1988	 13599	 76548	 1127	 1165	 1126561	 828054	 [请不要在法庭上跳舞！！！]
av93436487	 85967	 35174	 20760	 263640	 8726	 4388	 2227062	 815757	 [奇葩小伙买回所有饮料混合！这几十种饮料哪种最好喝呢？]
av93456433	 46134	 15501	 19858	 63102	 9326	 11064	 434235	 813708	 [被nc粉丝拖下水的肖战，有错吗？]
av93199515	 160105	 25191	 70202	 257094	 21557	 29028	 1779953	 805390	 [穷  举  报]
av93417845	 91217	 35069	 23513	 284811	 4580	 3054	 1593881	 797093	 [小伙花36小时终于拼出“彩色地狱拼图”,整个人都傻了]
av93717457	 171558	 45182	 56431	 169955	 1282	 41756	 799730	 776285	 [骁话一下：给《外国人永久居留管理条例》提意见]
av93261118	 40126	 8707	 24108	 100043	 10933	 8492	 1183028	 725329	 [三分钟了解肖战毒唯事件始末]
av93418049	 54967	 76402	 24379	 135406	 5032	 3524	 1227363	 717752	 [这个日式恐怖游戏把我纸尿裤都吓飞了！对便利店都要有阴影了]
av93227148	 53663	 15417	 27374	 133213	 12952	 15882	 1322838	 712218	 [肖战粉丝举报Ao3始末，现在饭圈有多可怕！]
av92341698	 89865	 13804	 106900	 272840	 12695	 34072	 3947866	 696553	 [“每日一遍 防止早恋”]
av93106057	 10094	 701	 28396	 20483	 1209	 3197	 824645	 689186	 [背着老板蹦个迪~Thumbs up！放松一下【莓可】]
av93574816	 23353	 4765	 13355	 59957	 3439	 9576	 495087	 674183	 [【肖战】"洗"唰唰]
av92827361	 80258	 49156	 57294	 220945	 4861	 38870	 1768539	 674161	 [花400元让虚拟男友连麦虚拟女友，车速失控！？]
av93186614	 65706	 48696	 47847	 204132	 28004	 21016	 2212809	 656916	 [肖战粉丝举报b站？个别粉丝为何如此疯狂？]
av93189698	 30374	 2430	 29902	 53827	 1887	 3406	 324372	 648699	 [“我们本能忍受黑暗，如果不曾见光”]
av91995768	 36335	 4842	 97460	 72780	 1983	 9451	 734168	 644304	 [【学英语】北大学姐的高效背单词法！不看亏大了！1小时竟能背100多个？]
av93203667	 44686	 9509	 15735	 87303	 7526	 4034	 533227	 620406	 [【227事件】我们已忍耐太久! 饭圈举报风气有多可怕？]
av92619114	 17083	 2403	 13952	 40868	 2093	 2649	 664952	 619409	 [那是我日夜思念深深爱着的人啊]
av93047127	 95130	 14649	 46699	 118505	 2935	 7774	 914602	 614751	 [【Minecraft】用现代军队去解放村庄是什么感觉]
av92910046	 54207	 6700	 42049	 64567	 3237	 8031	 343841	 591295	 [【填词】笔者已逝（你肯定不会知道最初喜欢的那个笔者早已经去世）]
av93556301	 25162	 19247	 10454	 81242	 7634	 5067	 565300	 586883	 [肖战227事件完整始末，这波能洗白么？你们会原谅他吗？]
av93288363	 43060	 10113	 19196	 73727	 5483	 5702	 470442	 569322	 [【肖战】饭圈止水]
av92864898	 93052	 12043	 28319	 179490	 2226	 5522	 1532633	 559034	 [这个up膨胀了，居然敢挑战令人闻风丧胆的宝塔肉！]
av93267927	 114484	 40754	 43044	 132198	 12736	 22831	 869836	 548689	 [【肖战】处处封—肖战必糊！]
av89058944	 625198	 152096	 338893	 602403	 6850	 132549	 4825164	 547268	 [赌 怪（完整版）]
av93258444	 4886	 38203	 7604	 29802	 10384	 13738	 1302195	 546205	 [肖战227事件全面回顾（时间顺序）肖战到底是如何从让当红流量变成众矢之的？？？]
av93640852	 25574	 8967	 6097	 54167	 1530	 3595	 559574	 529684	 [热量炸弹！7个爆浆大鸡排配冰可乐，芝士爆了！]
av93280402	 20163	 8471	 10898	 50887	 3202	 1873	 426136	 529403	 [封  山]
av93385115	 11744	 11066	 7272	 39542	 4272	 3703	 436269	 527869	 [起 封 了]
av93292438	 18934	 1897	 6063	 54581	 5503	 2719	 443005	 517858	 [肖战-从当红男星变成全民公敌？超详细两分半带你解析“227事件”]
av93125552	 38110	 4397	 13232	 42336	 576	 5765	 249814	 514983	 [你的免疫系统可能会杀死你！细胞炎症因子风暴！新冠肺炎引起【思维实验室】29 人体免疫]
av93326018	 5369	 2309	 1542	 73500	 1418	 567	 857557	 498395	 [贪便宜在拼多多花100元买了只帝王蟹，一口下去就是10块钱！]
av92056817	 40456	 6216	 9674	 104861	 1600	 1073	 759790	 496217	 [少女骑旋转木马，越骑越高兴，最后干脆自己变成木马《暗芝居：旋转木马》]
av93273673	 48104	 19138	 11982	 96295	 3934	 4206	 1009879	 493320	 [大半夜的在宿舍做脆皮炸鸡！巨好吃！吊打炸鸡店！]
av92127944	 28418	 5045	 19804	 46735	 1797	 8972	 673580	 491378	 [很久以后 - G.E.M.邓紫棋]
av93307504	 8351	 26203	 13988	 40215	 4963	 10480	 380252	 484891	 [“你不用哭，你家哥哥马上就糊”   你删我一次，那我再发一次！！！！]
av34107674	 126613	 138095	 1172193	 236405	 26488	 229683	 13938120	 483140	 [10分钟改善斜方肌粗大、溜肩圆肩富贵包、背厚、肩颈背疼痛、高低肩！【周六野Zoey】]
av93133625	 12332	 1520	 36408	 44665	 809	 4184	 400961	 482080	 [【明日方舟】博士的日常（同人动画）（作者：Xooku）]
av92531906	 262541	 31191	 139387	 419520	 7194	 60689	 4061840	 474262	 [【师 生 对 线】这网课上得就尼玛离谱！（第二集）]
av93421527	 45621	 3509	 12718	 89183	 5617	 6406	 898527	 472892	 [我是外国人，我入住B站了！我爱中国，所以快点来关注我！]
av93285364	 23463	 5551	 7278	 35800	 3642	 9344	 387689	 465422	 [男子痛经24小时，喝冰水痛到流泪。]
av93253136	 27352	 3794	 14503	 174119	 1119	 4593	 735041	 464611	 [这TM才叫女 装 大 佬！]
av93447644	 16635	 978	 17344	 40290	 2026	 2945	 314686	 459742	 [【娱乐向】如何利用肖战为自己赚一笔零花钱]
av93095144	 68915	 1749	 12045	 76922	 324	 1945	 803895	 456712	 [为啥她还能吸这么多？不是被砍了吗？文艺复兴 我不仅变强了 还变肉了]
av87073697	 1491	 1592	 10647	 43705	 995	 17325	 1013631	 452885	 [一句话如何让240位女嘉宾全部灭灯]
av93474190	 28486	 1428	 11590	 52945	 1653	 565	 503833	 449797	 [被全网封杀的神作！看完后，感受到真正的绝望！]
av93420595	 9494	 8906	 6580	 34821	 1183	 1958	 326478	 443866	 [【肖战】凉凉]
av93352821	 1136	 187	 20474	 4669	 307	 670	 104615	 442472	 [快速瘦肚子，日本女生亲身试验，效果显著]
av93474806	 12184	 10767	 5011	 37670	 2878	 2858	 650804	 440709	 [【睡前消息84】举办“万家宴”的武汉百步亭，到底是个怎样的社区？]
av93495162	 2597	 326	 10365	 15503	 675	 16399	 311812	 432631	 [男人上厕所的正确打开方式]
av93116305	 9850	 1476	 14961	 24488	 980	 1200	 580323	 432180	 [【波喵】❤Thumbs up❤你就说这赞不赞吧！]
av93345809	 1016	 997	 1990	 20952	 1078	 872	 671922	 431710	 [探秘：澳门线上美女荷官究竟是真的吗？]
av93305453	 32173	 7272	 14568	 47116	 1810	 5174	 172944	 419509	 [对王之王  227大团结普通网友]
av93368488	 19955	 12736	 9930	 40438	 1529	 3543	 613190	 410990	 [日本赌上国运？疫情之下，东京耗资250亿美元，筹备十年，为何要冒死举办奥运会？【浪眼睛02】]
av93130760	 20152	 3291	 10381	 48612	 1286	 1331	 350126	 408273	 [殿 堂 级 难 度 生 存]
av92712329	 82886	 29314	 47947	 524132	 6229	 22889	 3773629	 404708	 [日本停课！于是钉钉火到日本！却“惨遭”日本网友。。]
av93114510	 11424	 19321	 10684	 42353	 6320	 8744	 765926	 400876	 [十分钟带你吃剑网三和肖战粉丝的瓜！]
av93404539	 13554	 12989	 6283	 39940	 1693	 386	 347504	 398455	 [Minecraft 堡垒战争【用TNT炸药弓】摧毁羽毛家 !! 最后逆转【神路决战】超刺激 !! 全字幕]
av93388532	 11230	 5652	 7168	 34430	 2545	 1634	 264308	 397173	 [你 厌 的 全 封 掉]
av92875449	 13090	 2629	 22482	 43209	 2526	 4129	 1117710	 396480	 [1.43G的图片，你要挑战一下手机吗？]
av92048021	 8050	 617	 17524	 74720	 2089	 14683	 1582676	 396362	 [婚后男人们的苟且偷生]
av88506557	 4204	 2106	 15543	 65271	 3484	 2751	 1041908	 387298	 [25年前的人对中国的期盼]
av93434900	 18311	 3341	 13751	 24475	 2138	 2880	 109935	 387156	 [【LIVE】まふまふ - ジグソーパズル／メットライフドーム]
av93428013	 9469	 6150	 6974	 36627	 2985	 2145	 272071	 386088	 [【肖战】必 糊 之 主]
av92499885	 238847	 8162	 110548	 236016	 4481	 94480	 1620871	 385568	 [节选自《 口 技 》]
av93015485	 7137	 7397	 12672	 41583	 2647	 35439	 1025541	 379585	 [众所周知，CPU是一台烤肉机。]
av93411383	 1368	 1946	 6034	 39423	 1887	 8139	 594569	 379108	 [集结示威时栅栏突然倒地 暴徒以为是枪声抱头鼠窜 实力演绎做贼心虚]
av93182378	 20675	 37932	 4956	 123938	 6012	 2140	 1789622	 372014	 [华农兄弟：捡个石头，把刀磨利，砍点兄弟家的棕花来吃]
av93525479	 202	 970	 1124	 10694	 1062	 4971	 495366	 370872	 [安倍参议院发言 9秒内咳嗽3下]
av93377029	 12197	 10975	 2984	 69896	 3118	 1856	 1332351	 370275	 [两大盘糖醋里脊肉，让小肥羊吃过瘾，另一种方式打开徐大sao，生涯中的第三个视频]
av70455264	 16754	 40227	 666992	 76917	 9945	 115865	 7006855	 368072	 [女团腿 去头尾 自用]
av93081075	 10142	 22894	 5980	 52006	 2054	 1535	 734418	 365319	 [【真实录像】轰动全台湾的98年红衣小女孩！]
av93378976	 9464	 8169	 5171	 36984	 2287	 2408	 349343	 362384	 [最强游戏手机大体验！挑战超沙雕小游戏【散人】]
av89441613	 912672	 235779	 525680	 1462445	 117971	 702393	 18673726	 358264	 [【 钉 钉 本 钉 ，在 线 求 饶 】]
av87978760	 2350	 1667	 16216	 57453	 957	 11388	 1022093	 358124	 [自 毁 前 程]
av91407256	 7406	 906	 67132	 14727	 857	 2366	 341805	 352265	 [每天5分钟【30天瘦手臂】一周见效get天鹅臂，带练+讲解帮你告别拜拜肉|消副乳|瘦胳膊|蝴蝶袖]
av93261540	 3394	 7437	 2694	 19617	 3189	 1985	 448944	 350283	 [【肖战美 颜合集】我太帅了万人爱]
av93344688	 9250	 789	 6385	 28390	 472	 6096	 274313	 348414	 [【小连杀】又疯了一个！配音演员向新冠病毒挥出重拳。。。]
av93427793	 8116	 21947	 3760	 60499	 2591	 1554	 847975	 347110	 [【大仙全家桶】苦练李白一通宵，我已经不是昨天的我了]
av93037768	 1473	 4327	 4335	 16692	 1632	 4313	 518655	 344982	 [“别哭，你家哥哥马上就糊了”]
av93672853	 7151	 6143	 2108	 46591	 1829	 1639	 423529	 344615	 [深夜在家撸串，边烤边吃，自己做居然比外面卖的还要贵！]
av92978247	 7125	 1614	 34957	 62622	 2158	 63403	 1717088	 344413	 [这波爆炸屁什么水平？]
av93130677	 40170	 22892	 18668	 54536	 1738	 3205	 405726	 343972	 [卡通配乐进化史 (1928 - 2020)]
av91556645	 105060	 29900	 89870	 196881	 7496	 17184	 3316672	 486085	 [“那是我日夜思念，深深爱着的人啊”]
av93399050	 28811	 12159	 15670	 65439	 3636	 3773	 380973	 640481	 [综合评分]
av93584747	 800	 1726	 4026	 35479	 2951	 9851	 908624	 588704	 [建 议 改 成：犬 吠]
av93569887	 2138	 2697	 3274	 46642	 3342	 5647	 937772	 566818	 [综合评分]
av93516277	 19992	 7619	 8754	 67534	 3170	 2412	 389285	 523700	 [法国小哥玩吸水珠翻车 整个社区下水道都堵了...]
av8775849	 103073	 159548	 1244757	 179935	 43350	 231602	 16439496	 362392	 [综合评分]
