Tip: ['统计所有投稿在 2020年03月04日 - 2020年03月05日 的数据综合得分，每日更新一次'] Write @ 2020-03-05,10:58:29
aid, coin, danmaku, favorite, like, reply, share, view, score, title
av92901768, 232777, 31079, 182426, 370783, 15144, 74944, 4674149, 2924056, “假如我年少有为 不自卑”
av92538024, 119792, 4227, 118163, 163053, 2943, 12260, 1902716, 2840316, 前方高甜！我居然看了几百遍！？
av93533259, 166867, 68694, 80161, 219278, 12453, 10197, 1694743, 2623935, 好 哥 哥
av93418555, 108160, 49876, 52089, 228127, 15558, 56450, 2553021, 1237505, 【半佛】肖战事件谁是大赢家？
av93605411, 101916, 41495, 31221, 234576, 7352, 6188, 1529135, 1145215, ❓  ❓  ❓ 【阅片无数37】
av93553905, 130891, 8766, 32916, 100432, 3141, 17276, 464074, 1116372, 云顶之弈S3：大战国外主播与总设计师！中国玩家拿下S3全球第一鸡！
av93060355, 270372, 44475, 110302, 362797, 28145, 65660, 2835111, 1104209, 你 封 起 来 真 好 心
av93471282, 33447, 23057, 30338, 66142, 2698, 3245, 846534, 1076100, 见识下什么叫TMD出轨！
av93556481, 58538, 8765, 28663, 84508, 8578, 11747, 646942, 1074899, 肖战227事件背后：饭圈怎样摧毁了文化产业？
av93058845, 152687, 22746, 98172, 211723, 12728, 37957, 1254265, 1038849, 【227事件】心火不熄，创作不死
av93048245, 46935, 54943, 63489, 248267, 33189, 92380, 4070303, 1026600, 肖战：我到底造了什么孽，有这样的粉丝
av92135544, 103929, 10526, 119626, 150320, 4788, 20247, 1593889, 953579, 转发给女朋友，一起选情头！
av93589494, 42244, 10586, 26406, 71941, 6703, 5419, 509136, 951994, 入坑假面骑士不知道看哪个？这个视频帮你解决所有问题！
av93219437, 47191, 29516, 29127, 119035, 11379, 6011, 1372368, 949532, 卢 本 伟 后来怎么样了？锤他的人呢？那些被外挂改变的人生【旧闻录#01】
av93040572, 9777, 10222, 41372, 65345, 3227, 64054, 1909076, 936504, 故事要从几包吸水弹说起。。。
av93395715, 38851, 11106, 31064, 76782, 7091, 14451, 538682, 880619, 偶像失声？三观超正黄子韬教你做人
av93349462, 25912, 10102, 16895, 91349, 6034, 3749, 669911, 855547, 你 炸 了 我 的 站
av93569977, 25578, 1966, 13441, 75558, 1122, 1151, 1109872, 828054, 请不要在法庭上跳舞！！！
av93436487, 85697, 35067, 20688, 262898, 8702, 4378, 2217034, 815757, 奇葩小伙买回所有饮料混合！这几十种饮料哪种最好喝呢？
av93456433, 45891, 15418, 19734, 62698, 9263, 10995, 430764, 813708, 被nc粉丝拖下水的肖战，有错吗？
av93199515, 159547, 25080, 70001, 256226, 21526, 28966, 1774777, 805390, 穷  举  报
av93417845, 90718, 34887, 23366, 283303, 4568, 3039, 1582179, 797093, 小伙花36小时终于拼出“彩色地狱拼图”,整个人都傻了
av93717457, 159762, 42839, 52801, 159331, 1109, 38774, 749954, 776285, 骁话一下：给《外国人永久居留管理条例》提意见
av93261118, 39965, 8643, 23995, 99562, 10901, 8457, 1176976, 725329, 三分钟了解肖战毒唯事件始末
av93418049, 54790, 76047, 24316, 135049, 5032, 3511, 1219661, 717752, 这个日式恐怖游戏把我纸尿裤都吓飞了！对便利店都要有阴影了
av93227148, 53399, 15355, 27223, 132516, 12897, 15808, 1316304, 712218, 肖战粉丝举报Ao3始末，现在饭圈有多可怕！
av92341698, 89695, 13758, 106715, 272353, 12685, 34008, 3941705, 696553, “每日一遍 防止早恋”
av93106057, 10023, 697, 28240, 20338, 1195, 3178, 816067, 689186, 背着老板蹦个迪~Thumbs up！放松一下【莓可】
av93574816, 23176, 4723, 13280, 59619, 3428, 9549, 492835, 674183, 【肖战】"洗"唰唰
av92827361, 79951, 48949, 57093, 220135, 4841, 38731, 1761471, 674161, 花400元让虚拟男友连麦虚拟女友，车速失控！？
av93186614, 65251, 48356, 47529, 202401, 27815, 20909, 2196152, 656916, 肖战粉丝举报b站？个别粉丝为何如此疯狂？
av93189698, 29983, 2382, 29482, 53113, 1867, 3365, 319891, 648699, “我们本能忍受黑暗，如果不曾见光”
av91995768, 36214, 4818, 97164, 72548, 1979, 9397, 731548, 644304, 【学英语】北大学姐的高效背单词法！不看亏大了！1小时竟能背100多个？
av93203667, 44268, 9404, 15601, 86419, 7469, 3998, 528047, 620406, 【227事件】我们已忍耐太久! 饭圈举报风气有多可怕？
av92619114, 17037, 2392, 13900, 40764, 2086, 2635, 663560, 619409, 那是我日夜思念深深爱着的人啊
av93047127, 94794, 14563, 46534, 118075, 2928, 7746, 910679, 614751, 【Minecraft】用现代军队去解放村庄是什么感觉
av92910046, 53932, 6647, 41805, 64188, 3224, 7996, 341337, 591295, 【填词】笔者已逝（你肯定不会知道最初喜欢的那个笔者早已经去世）
av93556301, 24579, 18769, 10226, 79482, 7491, 4933, 551556, 586883, 肖战227事件完整始末，这波能洗白么？你们会原谅他吗？
av93288363, 42986, 10075, 19153, 73557, 5477, 5695, 469026, 569322, 【肖战】饭圈止水
av92864898, 92903, 12014, 28260, 179155, 2224, 5516, 1529142, 559034, 这个up膨胀了，居然敢挑战令人闻风丧胆的宝塔肉！
av93267927, 114091, 40529, 42884, 131764, 12707, 22779, 866524, 548689, 【肖战】处处封—肖战必糊！
av89058944, 624793, 151950, 338666, 601994, 6848, 132451, 4821746, 547268, 赌 怪（完整版）
av93258444, 4852, 37995, 7578, 29555, 10292, 13635, 1289331, 546205, 肖战227事件全面回顾（时间顺序）肖战到底是如何从让当红流量变成众矢之的？？？
av93640852, 25261, 8854, 6009, 53481, 1523, 3563, 547548, 529684, 热量炸弹！7个爆浆大鸡排配冰可乐，芝士爆了！
av93280402, 20133, 8461, 10884, 50806, 3194, 1867, 425376, 529403, 封  山
av93385115, 11623, 10987, 7237, 39194, 4233, 3648, 431009, 527869, 起 封 了
av93292438, 18738, 1877, 6014, 54027, 5457, 2688, 439370, 517858, 肖战-从当红男星变成全民公敌？超详细两分半带你解析“227事件”
av93125552, 37701, 4357, 13056, 41918, 568, 5694, 246538, 514983, 你的免疫系统可能会杀死你！细胞炎症因子风暴！新冠肺炎引起【思维实验室】29 人体免疫
av93326018, 5319, 2289, 1537, 73000, 1416, 565, 851220, 498395, 贪便宜在拼多多花100元买了只帝王蟹，一口下去就是10块钱！
av92056817, 40147, 6190, 9604, 104071, 1585, 1063, 751790, 496217, 少女骑旋转木马，越骑越高兴，最后干脆自己变成木马《暗芝居：旋转木马》
av93273673, 47997, 19092, 11946, 96010, 3928, 4190, 1004655, 493320, 大半夜的在宿舍做脆皮炸鸡！巨好吃！吊打炸鸡店！
av92127944, 28294, 5015, 19726, 46559, 1789, 8939, 670190, 491378, 很久以后 - G.E.M.邓紫棋
av93307504, 7926, 25087, 13398, 38345, 4771, 10110, 363367, 484891, “你不用哭，你家哥哥马上就糊”   你删我一次，那我再发一次！！！！
av34107674, 126592, 138074, 1171967, 236364, 26485, 229623, 13935310, 483140, 10分钟改善斜方肌粗大、溜肩圆肩富贵包、背厚、肩颈背疼痛、高低肩！【周六野Zoey】
av93133625, 12223, 1504, 36146, 44354, 803, 4145, 397047, 482080, 【明日方舟】博士的日常（同人动画）（作者：Xooku）
av92531906, 262344, 31138, 139262, 419251, 7191, 60607, 4056396, 474262, 【师 生 对 线】这网课上得就尼玛离谱！（第二集）
av93421527, 44727, 3408, 12501, 87714, 5615, 6214, 883956, 472892, 我是外国人，我入住B站了！我爱中国，所以快点来关注我！
av93285364, 23116, 5465, 7176, 35274, 3606, 9216, 382424, 465422, 男子痛经24小时，喝冰水痛到流泪。
av93253136, 27189, 3772, 14406, 173175, 1116, 4554, 729955, 464611, 这TM才叫女 装 大 佬！
av93447644, 15473, 892, 16325, 37847, 1906, 2756, 296818, 459742, 【娱乐向】如何利用肖战为自己赚一笔零花钱
av93095144, 68635, 1747, 11994, 76638, 319, 1938, 800984, 456712, 为啥她还能吸这么多？不是被砍了吗？文艺复兴 我不仅变强了 还变肉了
av87073697, 1479, 1583, 10565, 43445, 995, 17248, 1008327, 452885, 一句话如何让240位女嘉宾全部灭灯
av93474190, 28348, 1417, 11534, 52646, 1645, 560, 499150, 449797, 被全网封杀的神作！看完后，感受到真正的绝望！
av93420595, 9476, 8898, 6569, 34747, 1150, 1957, 325722, 443866, 【肖战】凉凉
av93352821, 1125, 185, 20214, 4612, 305, 662, 103227, 442472, 快速瘦肚子，日本女生亲身试验，效果显著
av93474806, 12162, 10749, 5007, 37597, 2835, 2848, 648560, 440709, 【睡前消息84】举办“万家宴”的武汉百步亭，到底是个怎样的社区？
av93495162, 2567, 322, 10269, 15353, 671, 16281, 309418, 432631, 男人上厕所的正确打开方式
av93116305, 9797, 1468, 14873, 24327, 973, 1187, 574568, 432180, 【波喵】❤Thumbs up❤你就说这赞不赞吧！
av93345809, 991, 984, 1942, 20453, 1053, 839, 655034, 431710, 探秘：澳门线上美女荷官究竟是真的吗？
av93305453, 31772, 7171, 14343, 46339, 1799, 5081, 170043, 419509, 对王之王  227大团结普通网友
av93368488, 19846, 12609, 9866, 40158, 1530, 3526, 608012, 410990, 日本赌上国运？疫情之下，东京耗资250亿美元，筹备十年，为何要冒死举办奥运会？【浪眼睛02】
av93130760, 19867, 3262, 10225, 47941, 1275, 1311, 345725, 408273, 殿 堂 级 难 度 生 存
av92712329, 82764, 29274, 47872, 523440, 6223, 22858, 3768977, 404708, 日本停课！于是钉钉火到日本！却“惨遭”日本网友。。
av93114510, 11379, 19239, 10623, 42145, 6297, 8707, 762261, 400876, 十分钟带你吃剑网三和肖战粉丝的瓜！
av93404539, 13515, 12966, 6264, 39855, 1693, 385, 345483, 398455, Minecraft 堡垒战争【用TNT炸药弓】摧毁羽毛家 !! 最后逆转【神路决战】超刺激 !! 全字幕
av93388532, 11139, 5637, 7108, 34123, 2521, 1626, 261781, 397173, 你 厌 的 全 封 掉
av92875449, 13063, 2624, 22428, 43124, 2521, 4119, 1115439, 396480, 1.43G的图片，你要挑战一下手机吗？
av92048021, 8012, 613, 17445, 74409, 2078, 14618, 1574721, 396362, 婚后男人们的苟且偷生
av88506557, 4185, 2101, 15464, 64948, 3471, 2741, 1037795, 387298, 25年前的人对中国的期盼
av93434900, 18228, 3311, 13672, 24360, 2127, 2869, 109109, 387156, 【LIVE】まふまふ - ジグソーパズル／メットライフドーム
av93428013, 9367, 6098, 6905, 36203, 2953, 2117, 269168, 386088, 【肖战】必 糊 之 主
av92499885, 238567, 8138, 110412, 235744, 4477, 94334, 1618562, 385568, 节选自《 口 技 》
av93015485, 7118, 7381, 12645, 41473, 2645, 35379, 1022578, 379585, 众所周知，CPU是一台烤肉机。
av93411383, 1358, 1935, 5975, 39041, 1837, 8042, 587691, 379108, 集结示威时栅栏突然倒地 暴徒以为是枪声抱头鼠窜 实力演绎做贼心虚
av93182378, 20644, 37887, 4952, 123755, 6006, 2138, 1785027, 372014, 华农兄弟：捡个石头，把刀磨利，砍点兄弟家的棕花来吃
av93525479, 202, 969, 1124, 10682, 1064, 4967, 494673, 370872, 安倍参议院发言 9秒内咳嗽3下
av93377029, 12180, 10966, 2979, 69778, 3112, 1850, 1328435, 370275, 两大盘糖醋里脊肉，让小肥羊吃过瘾，另一种方式打开徐大sao，生涯中的第三个视频
av70455264, 16743, 40215, 666820, 76894, 9942, 115814, 7004747, 368072, 女团腿 去头尾 自用
av93081075, 9679, 21548, 5735, 49507, 1969, 1466, 701203, 365319, 【真实录像】轰动全台湾的98年红衣小女孩！
av93378976, 9325, 8079, 5105, 36571, 2277, 2375, 343505, 362384, 最强游戏手机大体验！挑战超沙雕小游戏【散人】
av89441613, 912489, 235695, 525546, 1462098, 117958, 702244, 18667868, 358264, 【 钉 钉 本 钉 ，在 线 求 饶 】
av87978760, 2311, 1645, 16020, 56786, 949, 11226, 1013132, 358124, 自 毁 前 程
av91407256, 7406, 903, 67107, 14719, 857, 2358, 341540, 352265, 每天5分钟【30天瘦手臂】一周见效get天鹅臂，带练+讲解帮你告别拜拜肉|消副乳|瘦胳膊|蝴蝶袖
av93261540, 3355, 7296, 2669, 19354, 3111, 1936, 439906, 350283, 【肖战美 颜合集】我太帅了万人爱
av93344688, 9208, 787, 6348, 28271, 466, 6072, 272866, 348414, 【小连杀】又疯了一个！配音演员向新冠病毒挥出重拳。。。
av93427793, 8095, 21930, 3748, 60394, 2586, 1553, 845167, 347110, 【大仙全家桶】苦练李白一通宵，我已经不是昨天的我了
av93037768, 1453, 4290, 4289, 16517, 1546, 4283, 512305, 344982, “别哭，你家哥哥马上就糊了”
av93672853, 7032, 6040, 2078, 45966, 1801, 1614, 414572, 344615, 深夜在家撸串，边烤边吃，自己做居然比外面卖的还要贵！
av92978247, 7070, 1601, 34803, 62309, 2155, 63154, 1710520, 344413, 这波爆炸屁什么水平？
av93130677, 39909, 22695, 18484, 54104, 1731, 3188, 402583, 343972, 卡通配乐进化史 (1928 - 2020)
av91556645, 104973, 29861, 89782, 196727, 7495, 17176, 3313038, 486085, “那是我日夜思念，深深爱着的人啊”
av93399050, 27884, 11988, 15334, 63569, 3558, 3681, 367523, 640481, 综合评分
av93584747, 792, 1720, 3991, 35246, 2938, 9803, 899768, 588704, 建 议 改 成：犬 吠
av93569887, 2126, 2686, 3252, 46357, 3060, 5595, 930577, 566818, 综合评分
av93516277, 19692, 7535, 8664, 66679, 3145, 2382, 383564, 523700, 法国小哥玩吸水珠翻车 整个社区下水道都堵了...
av8775849, 103064, 159524, 1244593, 179912, 43349, 231560, 16437214, 362392, 综合评分
